5152
5161
5170
5173
5182
5190
5197
5203
5212
5224
5238
5242
5248
5259
5267
5271
5283
5292
5297
5305
5312
5325
5337
5349
5353
5366
5371
5379
5389
5402
5411
5420
5429
5436
5448
5456
5465
5471
5478
5487
5504
5513
5515
5523
5532
5550
5564
5568
5580
5586
5596
5604
5614
5627
5634
5640
5649
5658
5675
5683
5690
5694
5711
5718
5724
5735
5744
5762
5767
5783
5792
5797
5802
5816
5822
5827
5842
5851
5864
5870
5874
5888
5899
5905
5911
5919
5931
5939
5947
5957
5966
5980
5983
5993
6007
6015
6018
6033
6040
6048
6056
6068
6078
6083
6090
6103
6115
6124
6127
6138
6148
6153
6174
6183
6190
6200
6216
6224
6229
6236
6252
6257
6267
6271
6285
6292
6306
6309
6322
6333
6341
6349
6360
6363
9312
9320
9332
9339
9351
9358
9369
9374
9384
9391
9399
9406
9416
9430
9435
9442
9452
9466
9471
9482
9491
9500
9507
9515
9528
9539
9547
9558
9565
9570
9579
9589
9599
9607
9616
9625
9638
9647
9653
9661
9667
9677
9685
9694
9710
9728
9732
9740
9751
9758
9767
9782
9784
9797
9807
9818
9827
9832
9838
9848
9859
9865
9882
9884
9896
9906
9917
9919
9930
10133
10148
10183
10214
10219
10232
