5150
5159
5165
5177
5183
5195
5207
5210
5219
5229
5238
5245
5252
5258
5276
5286
5291
5294
5304
5313
5318
5326
5348
5354
5364
5370
5380
5391
5404
5408
5423
5427
5434
5448
5452
5468
5470
5486
5493
5499
5507
5517
5530
5539
5543
5545
5551
5561
5568
5578
5588
5599
5608
5617
5630
5633
5648
5656
5663
5674
5684
5691
5698
5708
5720
5727
5734
5743
5749
5755
5756
5757
5770
5775
5792
5795
5804
5819
5821
5830
5844
5853
5857
5869
5877
5887
5900
5902
5910
5924
5936
5943
5954
5956
5960
5971
5979
5990
5996
6006
6015
6024
6032
6041
6045
6055
6066
6080
6088
6095
6102
6116
6125
6134
6141
6152
6160
6164
6169
6177
6186
6195
6207
6214
6219
6232
6237
6249
6256
6267
6273
6282
6287
6303
6308
6318
6332
6342
6351
6355
6369
9315
9324
9330
9336
9347
9357
9369
9376
9386
9392
9401
9405
9421
9432
9439
9450
9456
9462
9474
9479
9495
9500
9517
9528
9535
9542
9554
9567
9574
9583
9590
9602
9610
9617
9621
9639
9645
9657
9661
9675
9684
9693
9696
9711
9729
9738
9747
9754
9760
9772
9783
9792
9797
9810
9812
9829
9834
9846
9852
9858
9870
9880
9886
9898
9906
9913
9930
10128
10143
10149
10188
10211
10225
10235
