5153
5162
5168
5176
5185
5198
5201
5209
5216
5224
5239
5245
5250
5256
5275
5285
5289
5295
5307
5317
5324
5332
5346
5355
5362
5378
5384
5390
5397
5409
5422
5429
5438
5449
5458
5462
5470
5482
5489
5502
5506
5516
5531
5539
5556
5564
5570
5583
5593
5602
5611
5620
5630
5637
5645
5654
5662
5673
5678
5689
5696
5704
5716
5727
5731
5742
5764
5773
5781
5785
5799
5807
5814
5823
5828
5840
5855
5864
5873
5880
5887
5893
5904
5916
5922
5935
5941
5952
5965
5975
5984
5991
6006
6014
6020
6034
6038
6053
6059
6065
6077
6083
6096
6106
6110
6123
6133
6142
6152
6158
6173
6183
6196
6206
6215
6218
6230
6242
6250
6255
6263
6279
6284
6297
6303
6314
6319
6331
6336
6348
6358
6367
9309
9323
9328
9336
9350
9358
9368
9375
9385
9390
9408
9414
9420
9424
9440
9447
9453
9461
9470
9484
9493
9497
9521
9527
9534
9548
9557
9565
9575
9580
9592
9601
9604
9618
9626
9637
9645
9652
9663
9672
9683
9692
9701
9709
9713
9716
9719
9723
9734
9740
9748
9761
9766
9776
9787
9793
9808
9816
9825
9834
9845
9853
9863
9872
9878
9887
9893
9901
9910
9936
10129
10151
10189
10213
10224
10234
