5151
5165
5175
5180
5189
5198
5202
5213
5222
5230
5233
5240
5253
5260
5271
5279
5293
5299
5309
5311
5323
5333
5347
5356
5368
5373
5387
5392
5399
5413
5419
5427
5440
5450
5453
5464
5475
5480
5488
5504
5507
5518
5531
5533
5542
5545
5548
5550
5562
5576
5584
5590
5598
5610
5621
5629
5633
5642
5647
5660
5671
5676
5692
5698
5710
5719
5729
5731
5745
5761
5769
5777
5791
5798
5808
5814
5826
5837
5843
5853
5861
5870
5881
5885
5892
5909
5912
5925
5933
5938
5953
5970
5976
5984
5999
6008
6013
6019
6029
6041
6046
6060
6069
6086
6097
6101
6111
6117
6127
6140
6150
6156
6165
6167
6175
6182
6192
6204
6208
6219
6231
6235
6246
6258
6270
6275
6286
6297
6304
6312
6321
6333
6339
6351
6357
6368
9301
9303
9314
9318
9329
9339
9345
9360
9362
9375
9382
9392
9397
9403
9415
9426
9433
9447
9451
9467
9477
9482
9487
9504
9505
9512
9513
9515
9523
9537
9541
9550
9564
9573
9581
9586
9601
9611
9617
9623
9634
9641
9649
9662
9672
9679
9690
9702
9703
9724
9731
9739
9753
9764
9770
9783
9789
9795
9805
9816
9823
9826
9839
9850
9860
9865
9876
9888
9900
9904
9916
9931
10130
10141
10150
10188
10212
10226
10232
10240
10248
10258
10265
10274
10286
10297
10305
10312
10330
10338
10347
10360
10369
10378
10388
10397
10407
10415
10419
10429
10434
10445
10460
10464
10478
10496
10532
10505
10512
10524
10551
10555
10564
10577
10584
10590
10600
10615
10621
10632
10636
10646
10655
10665
10677
10683
10694
10694
10694
10694
10702
10713
10723
10731
10741
10757
10763
