5147
5158
5163
5173
5180
5186
5199
5208
5216
5231
5236
5246
5254
5257
5270
5273
5283
5287
5295
5304
5310
5329
5337
5339
5344
5352
5361
5371
5380
5394
5405
5413
5422
5428
5433
5439
5451
5460
5469
5483
5492
5503
5509
5515
5527
5534
5552
5566
5573
5581
5590
5602
5612
5619
5626
5632
5640
5646
5659
5667
5681
5685
5695
5708
5715
5722
5735
5747
5751
5753
5760
5766
5783
5785
5800
5806
5811
5825
5837
5841
5847
5856
5871
5882
5889
5897
5901
5910
5921
5928
5937
5947
5964
5973
5983
5992
6000
6016
6021
6027
6036
6046
6062
6071
6076
6082
6095
6099
6112
6118
6131
6142
6145
6155
6172
6189
6194
6203
6214
6224
6227
6241
6248
6259
6264
6276
6289
6296
6304
6313
6317
6327
6340
6344
6358
6363
9307
9323
9332
9338
9343
9354
9363
9372
9386
9394
9407
9413
9422
9426
9440
9449
9459
9465
9471
9483
9492
9498
9514
9525
9532
9545
9552
9559
9573
9579
9592
9598
9603
9621
9630
9633
9642
9650
9664
9671
9682
9693
9700
9703
9721
9733
9741
9755
9763
9773
9781
9786
9801
9809
9818
9821
9830
9846
9853
9857
9867
9876
9890
9899
9902
9915
9928
10129
10139
10148
10182
10217
10223
10229
10237
10254
10264
10269
10284
10290
10298
10305
10313
10327
10336
10351
10358
10367
10375
10383
10396
10402
10409
10421
10426
10440
10445
10461
10463
10471
10480
10495
10499
10514
10517
10545
10553
10568
10579
10586
10592
10603
10615
10623
10625
10635
10651
10657
10661
10671
10687
10688
10688
10698
10713
10715
10726
10734
10751
10760
10772
10779
10787
10801
10801
10801
10801
10810
10814
10814
10829
10839
10839
10841
10850
10863
10869
10880
10894
10895
10905
10913
10927
10931
10941
10950
10963
10966
10969
11175
10971
