5158
5164
5176
5179
5190
5196
5202
5220
5226
5234
5241
5249
5258
5266
5272
5282
5290
5296
5306
5311
5324
5327
5347
5359
5366
5374
5382
5391
5398
5410
5417
5432
5435
5442
5454
5467
5472
5481
5491
5502
5508
5522
5527
5533
5555
5560
5572
5582
5589
5599
5611
5616
5628
5636
5643
5649
5660
5670
5679
5688
5695
5706
5716
5723
5736
5746
5759
5770
5778
5788
5799
5805
5817
5831
5836
5843
5852
5859
5868
5875
5886
5895
5907
5914
5921
5930
5939
5949
5965
5977
5989
5994
6003
6013
6023
6030
6037
6047
6055
6071
6075
6084
6092
6101
6113
6120
6132
6138
6149
6157
6174
6186
6194
6202
6210
6222
6230
6238
6246
6261
6266
6277
6291
6294
6301
6311
6318
6331
6337
6349
6356
6364
9311
9319
9333
9338
9345
9356
9365
9378
9390
9398
9404
9413
9423
9427
9436
9445
9454
9464
9474
9481
9491
9503
9518
9525
9535
9546
9556
9564
9569
9580
9588
9606
9614
9622
9627
9635
9646
9653
9660
9671
9683
9687
9698
9704
9727
9738
9745
9755
9764
9769
9780
9787
9799
9806
9813
9822
9828
9841
9849
9860
9867
9882
9889
9895
9909
9912
9933
10131
10141
10149
10185
10213
10221
10227
10243
10250
10259
10268
10269
10285
10299
10308
10314
10335
10341
10347
10358
10365
10374
10382
10390
10400
10412
10423
10437
10439
10449
10455
10465
10472
10489
10531
10499
10509
10522
10552
10558
10565
10579
10583
10594
10604
10610
10622
10631
10640
10647
10655
10668
10674
10682
10689
10689
10697
10709
10718
10725
10739
10756
10767
10775
10782
10788
10802
10802
10802
10802
10812
10817
10817
10824
10836
10845
10854
10869
10876
10879
10893
10898
10907
10916
10929
10937
