5343
5358
5367
5373
5381
5394
5398
5412
5420
5425
5441
5449
5455
5466
5475
5486
5490
5498
5508
5516
5524
5540
5554
5563
5571
5583
5589
5596
5610
5615
5624
5632
5641
5650
5665
5668
5682
5690
5697
5704
5720
5726
5737
5746
5758
5768
5781
5787
5798
5805
5813
5824
5833
5845
5851
5860
5871
5878
5885
5900
5903
5913
5920
5935
5940
5946
5969
5975
5985
5994
6005
6012
6021
6029
6039
6050
6058
6063
6074
6087
6092
6100
6116
6124
6129
6137
6145
6158
6173
6187
6193
6205
6213
6220
6232
6238
6251
6258
6265
6278
6285
6289
6300
6315
6324
6326
6337
6346
6355
6366
9300
9305
9314
9319
9326
9337
9346
9352
9361
9373
9381
9395
9399
9407
9418
9428
9434
9446
9457
9462
9470
9478
9490
9502
9505
9510
9511
9520
9526
9536
9542
9551
9562
9568
9578
9587
9599
9611
9614
9628
9636
9648
9654
9666
9670
9682
9690
9697
9709
9714
9717
9728
9735
9742
9750
9760
9771
9777
9791
9801
9808
9813
9823
9831
9838
9855
9862
9868
9879
9885
9892
9908
9912
9921
9924
9926
9927
9932
10132
10136
10145
10190
10215
10220
10228
10243
10251
10260
10276
10282
10290
10297
10304
10310
10334
10344
10352
10359
10366
10372
10388
10391
10403
10413
10417
10433
10440
10448
10457
10465
10473
10481
10492
10500
10510
10517
10536
10539
10548
10560
10565
10576
10585
10589
10600
10611
10623
10627
10634
10652
10656
10662
10675
10686
10690
10690
10698
10712
10717
10730
10737
10757
10768
10772
10784
10960
10798
10798
10798
10798
10807
10818
10818
10831
10840
10844
10855
10862
10867
10884
10889
10902
10907
10919
