5151
5162
5166
5172
5184
5192
5205
5214
5223
5229
5235
5241
5248
5262
5265
5285
5291
5300
5303
5310
5319
5327
5334
5338
5340
5345
5360
5368
5375
5385
5393
5397
5408
5416
5426
5437
5443
5451
5466
5476
5479
5487
5496
5511
5522
5526
5536
5541
5548
5549
5558
5567
5575
5578
5594
5598
5609
5615
5628
5637
5646
5652
5664
5672
5677
5686
5694
5705
5712
5721
5732
5741
5748
5754
5756
5763
5767
5775
5788
5801
5809
5812
5820
5835
5845
5848
5856
5867
5875
5883
5892
5908
5917
5922
5936
5942
5948
5955
5962
5963
5972
5980
5988
5995
6004
6012
6020
6031
6037
6052
6060
6068
6073
6088
6094
6099
6108
6122
6130
6135
6146
6155
6163
6167
6169
6171
6180
6188
6197
6201
6208
6220
6226
6237
6244
6254
6263
6271
6280
6291
6298
6307
6323
6327
6336
6345
6352
6361
9299
9302
9312
9318
9333
9342
9349
9353
9368
9371
9383
9388
9396
9404
9415
9431
9434
9443
9456
9460
9476
9485
9492
9496
9519
9531
9538
9548
9555
9563
9570
9577
9593
9600
9605
9623
9627
9636
9644
9651
9664
9675
9677
9686
9699
9706
9712
9716
9724
9737
9746
9756
9765
9773
9776
9791
9800
9803
9815
9827
9833
9840
9847
9858
9871
9875
9883
9892
9909
9914
9935
10127
10135
10152
10190
10210
10224
10230
10237
10257
10267
10271
10278
10286
10293
10306
10314
10331
10342
10353
10362
10370
10378
10386
10392
10401
10409
10423
10435
10441
10448
10456
10466
10474
10496
10533
10501
10511
10520
10550
10557
10568
10578
10588
10596
10601
10612
10617
10628
10640
10643
10654
10667
10675
10683
10691
10691
10700
10711
10718
10727
10738
10758
10766
10771
