5150
5160
5168
5178
5188
5196
5203
5211
5222
5227
5236
5243
5252
5261
5265
5277
5280
5299
5306
5314
5322
5328
5346
5352
5364
5374
5383
5389
5401
5412
5421
5430
5443
5446
5458
5463
5473
5481
5495
5500
5509
5518
5525
5535
5553
5562
5572
5585
5593
5601
5606
5614
5626
5631
5648
5657
5664
5670
5680
5689
5700
5707
5713
5726
5738
5740
5763
5772
5778
5786
5793
5803
5815
5822
5829
5841
5850
5860
5869
5879
5884
5896
5907
5916
5925
5932
5943
5950
5967
5981
5987
5997
6003
6016
6026
6033
6042
6050
6064
6069
6080
6089
6096
6104
6109
6120
6131
6140
6146
6159
6179
6184
6198
6202
6211
6223
6234
6239
6250
6254
6264
6273
6281
6288
6301
6315
6322
6329
6339
6344
6359
6362
9311
9320
9331
9341
9344
9355
9367
9371
9382
9393
9405
9412
9418
9430
9437
9448
9459
9468
9472
9481
9493
9499
9516
9527
9533
9543
9556
9562
9576
9582
9593
9597
9609
9616
9628
9639
9642
9651
9662
9669
9678
9689
9698
9707
9726
9736
9743
9751
9757
9769
9778
9785
9795
9810
9815
9821
9835
9845
9855
9864
9869
9875
9891
9895
9903
9911
9922
9924
9935
10128
10140
10150
10187
10209
10220
10234
10239
10246
10253
10262
10275
10291
10299
10307
10313
10319
10325
10332
10337
10525
10356
10368
10375
10381
10527
