5149
5156
5163
5171
5182
5191
5200
5213
5218
5228
5239
5251
5262
5268
5273
5282
5292
5298
5302
5314
5318
5331
5335
5340
5342
5345
5357
5361
5372
5379
5388
5401
5406
5419
5432
5438
5447
5452
5460
5474
5479
5490
5501
5510
5519
5528
5532
5541
5546
5547
5557
5566
5575
5579
5586
5595
5608
5618
5622
5631
5645
5651
5661
5667
5676
5688
5697
5711
5717
5721
5730
5739
5750
5757
5771
5780
5784
5794
5802
5811
5826
5834
5839
5855
5863
5867
5882
5886
5899
5909
5918
5927
5932
5940
5948
5967
5976
5982
5993
6000
6009
6025
6030
6043
6053
6058
6066
6073
6081
6093
6105
6110
6118
6126
6136
6144
6153
6176
6181
6191
6206
6216
6225
6227
6239
6245
6260
6268
6279
6287
6296
6300
6312
6316
6328
6334
6343
6356
6361
9308
9316
9325
9340
9351
9359
9363
9373
9383
9393
9401
9408
9417
9431
9435
9445
9458
9467
9473
9486
9489
9497
9519
9526
9532
9541
9558
9566
9576
9585
9591
9595
9610
9618
9630
9635
9647
9655
9659
9668
9681
9689
9695
9711
9715
9717
9718
9720
9722
9730
9744
9749
9757
9767
9775
9786
9794
9802
9812
9825
9837
9842
9847
9856
9868
9874
9889
9893
9904
9917
9920
9926
9929
10126
10138
10145
10183
10210
10218
10233
10244
10249
10258
10263
10277
10284
10291
10308
10317
10321
10323
10328
10336
10525
