5148
5159
5169
5174
5184
5194
5200
5208
5220
5225
5235
5244
5253
5259
5264
5277
5284
5289
5296
5309
5320
5331
5334
5341
5342
5348
5360
5369
5376
5383
5390
5399
5406
5415
5425
5433
5445
5457
5467
5474
5478
5488
5496
5505
5514
5529
5537
5543
5558
5565
5573
5577
5592
5600
5604
5618
5623
5636
5641
5657
5663
5672
5678
5692
5699
5703
5714
5725
5733
5740
5749
5752
5754
5761
5772
5780
5789
5801
5810
5818
5830
5832
5838
5847
5862
5868
5874
5891
5893
5903
5915
5924
5928
5942
5950
5955
5959
5972
5979
5989
5998
6001
6009
6022
6027
6044
6048
6054
6065
6085
6091
6100
6109
6121
6130
6139
6144
6156
6180
6187
6198
6200
6212
6222
6228
6235
6245
6259
6265
6274
6283
6290
6299
6308
6321
6325
6341
6350
6359
6367
9299
9304
9315
9322
9328
9342
9348
9359
9365
9374
9379
9387
9397
9409
9421
9428
9437
9443
9451
9465
9469
9480
9489
9502
9506
9509
9512
9521
9531
9540
9549
9553
9560
9568
9585
9589
9598
9606
9613
9624
9632
9640
9649
9663
9669
9676
9686
9696
9704
9713
9722
9734
9739
9750
9765
9774
9782
9790
9796
9806
9814
9820
9836
9839
9851
9861
9871
9881
9886
9897
9903
9915
9920
9923
9925
9932
10127
10139
10151
10185
10209
10218
10235
10242
10247
10256
10261
10274
10280
10294
10301
10315
10318
10323
10325
10326
10330
10337
10353
10361
10371
10373
10387
10395
10404
10412
10418
10436
10438
10444
10454
10463
10479
10482
10494
10500
10508
10519
10535
10539
10541
10547
10554
10566
10572
10588
