5154
5156
5177
5181
5187
5194
5201
5211
5217
5230
5234
5242
5255
5263
5268
5278
5280
5287
5300
5313
5321
5330
5349
5358
5369
5377
5382
5396
5403
5407
5421
5426
5442
5450
5459
5461
5469
5485
5489
5497
5513
5519
5530
5540
5544
5557
5565
5569
5585
5594
5597
5607
5613
5629
5638
5643
5656
5665
5669
5680
5685
5696
5703
5719
5724
5732
5739
5762
5774
5782
5790
5794
5804
5817
5829
5832
5846
5854
5861
5873
5879
5883
5894
5901
5915
5920
5934
5938
5952
5957
5959
5961
5970
5981
5986
5998
6004
6010
6018
6032
6043
6051
6057
6063
6075
6085
6090
6104
6112
6123
6128
6141
6147
6154
6166
6168
6170
6175
6184
6196
6207
6210
6217
6233
6236
6248
6253
6262
6274
6280
6286
6305
6310
6316
6330
6338
6345
6353
6366
9301
9313
9322
9326
9335
9347
9356
9362
9377
9385
9394
9400
9410
9419
9427
9439
9444
9452
9461
9473
9485
9494
9499
9518
9524
9534
9545
9555
9561
9572
9584
9587
9602
9609
9613
9629
9638
9646
9656
9659
9673
9678
9691
9702
9708
9729
9736
9746
9753
9758
9768
9781
9790
9798
9804
9811
9822
9831
9842
9854
9859
9869
9877
9883
9897
9905
9910
9934
10132
10137
10152
10186
10214
10222
10229
10240
10247
10255
10262
10277
10285
10292
10302
10309
10333
