5149
5157
5169
5175
5179
5187
5192
5204
5210
5221
5231
5247
5255
5261
5269
5275
5293
5298
5303
5316
5325
5332
5351
5353
5363
5372
5387
5395
5404
5407
5417
5428
5437
5444
5457
5464
5471
5482
5493
5498
5511
5520
5525
5538
5556
5563
5576
5582
5591
5597
5605
5619
5623
5635
5650
5653
5661
5675
5677
5687
5700
5710
5714
5723
5734
5747
5750
5752
5760
5769
5782
5786
5796
5810
5813
5821
5835
5840
5849
5858
5866
5881
5888
5898
5904
5918
5923
5930
5937
5954
5958
5960
5962
5971
5978
5986
5995
6008
6017
6026
6035
6038
6049
6054
6062
6072
6081
6097
6103
6114
6119
6129
6135
6149
6160
6178
6182
6190
6205
6212
6221
6234
6241
6247
6255
6268
6272
6282
6293
6298
6310
6324
6329
6335
6348
6357
6364
9310
9324
9329
9337
9343
9355
9364
9378
9387
9396
9406
9412
9417
9429
9441
9444
9453
9463
9477
9486
9488
9503
9508
9517
9530
9533
9547
9553
9561
9571
9581
9588
9605
9612
9619
9626
9633
9643
9657
9666
9674
9679
9688
9695
9710
9723
9733
9743
9752
9759
9768
9775
9789
9799
9803
9817
9829
9836
9843
9850
9864
9866
9879
9884
9894
9905
9913
9933
10130
10143
10146
10187
10215
10223
10231
10238
10245
10252
10261
10271
10281
10292
10303
10317
10318
10324
10333
10339
10350
10355
10367
10380
10381
10397
10406
10410
10424
10436
10439
10451
10456
10469
10477
10487
10492
10505
10514
10523
10535
10542
10549
10557
10564
10571
10586
10591
10602
10607
10618
10626
10641
10653
10659
10668
10678
10686
