5147
5155
5166
5171
5181
5188
5195
5206
5212
5221
5237
5243
5250
5257
5267
5272
5284
5301
5308
5317
5323
5330
5344
5357
5362
5376
5386
5395
5400
5411
5416
5424
5434
5441
5453
5462
5472
5485
5492
5500
5512
5517
5523
5538
5552
5559
5574
5579
5588
5600
5605
5620
5627
5639
5647
5655
5666
5669
5679
5691
5702
5705
5713
5722
5737
5744
5751
5759
5766
5776
5784
5793
5809
5818
5828
5833
5842
5854
5857
5865
5876
5884
5898
5906
5913
5919
5933
5945
5951
5958
5964
5974
5987
5991
6001
6010
6025
6035
6040
6045
6061
6067
6074
6082
6098
6102
6108
6117
6132
6136
6148
6154
6166
6172
6181
6192
6199
6215
6221
6226
6240
6249
6257
6262
6277
6288
6293
6302
6309
6323
6326
6334
6350
6354
6365
9307
9316
9327
9341
9350
9360
9366
9376
9381
9391
9400
9411
9422
9429
9438
9448
9457
9464
9476
9480
9495
9501
9506
9511
9513
9514
9523
9538
9543
9557
9566
9574
9584
9594
9596
9607
9612
9624
9631
9641
9654
9658
9668
9676
9687
9694
9705
9712
9718
9721
9730
9742
9752
9762
9766
9779
9792
9800
9807
9811
9820
9826
9844
9849
9862
9866
9874
9887
9899
9907
9911
9922
9925
9927
9928
10126
10135
10147
10189
10216
10222
10228
10236
10246
10252
10268
10272
10279
10288
10301
10312
10319
10322
10324
10326
10327
10342
10348
10355
10363
10376
10385
10395
10403
10408
10419
10427
10443
10450
10455
10467
10476
10482
10497
10502
10510
10520
10545
10560
10569
10575
10584
10595
10598
10609
10617
10630
10639
10653
10657
10663
10676
10682
