5148
5155
5170
5178
5189
5199
5205
5209
5219
5228
5232
5244
5263
5269
5274
5279
5290
5294
5302
5315
5321
5329
5336
5351
5359
5365
5370
5384
5393
5405
5414
5418
5424
5435
5440
5459
5465
5473
5484
5494
5501
5506
5514
5524
5534
5555
5559
5571
5580
5587
5595
5612
5621
5625
5638
5644
5654
5666
5674
5681
5687
5699
5707
5712
5728
5736
5743
5764
5768
5779
5791
5797
5803
5812
5825
5831
5839
5849
5862
5872
5876
5889
5894
5902
5914
5926
5929
5945
5953
5969
5977
5982
5992
6007
6011
6019
6028
6042
6052
6059
6070
6078
6087
6098
6106
6114
6125
6128
6139
6151
6161
6178
6185
6191
6201
6213
6218
6233
6243
6252
6256
6270
6276
6290
6294
6306
6314
6320
6330
6340
6347
6354
6362
9309
9321
9331
9340
9348
9353
9361
9372
9380
9389
9403
9410
9423
9432
9438
9442
9455
9463
9475
9484
9494
9501
9516
9524
9537
9549
9551
9563
9575
9583
9591
9596
9608
9615
9622
9637
9643
9650
9658
9670
9680
9685
9699
9708
9727
9732
9747
9756
9761
9770
9777
9788
9794
9809
9817
9828
9835
9844
9854
9861
9873
9878
9888
9898
9902
9918
9934
10134
10138
10147
10182
10211
10226
10231
10241
10250
10256
10266
10275
10283
10293
10300
10310
10320
10322
10334
10340
10349
10357
10363
10380
10386
