5153
5161
5167
5174
5186
5193
5204
5214
5217
5227
5237
5246
5251
5260
5266
5276
5281
5297
5308
5315
5320
5328
5336
5338
5343
5354
5363
5377
5385
5392
5400
5409
5418
5431
5436
5445
5455
5463
5477
5484
5491
5503
5510
5521
5526
5537
5542
5547
5549
5554
5560
5569
5577
5587
5601
5609
5617
5622
5634
5642
5653
5659
5673
5682
5693
5702
5709
5717
5728
5733
5741
5748
5753
5755
5758
5771
5777
5790
5795
5807
5815
5820
5827
5838
5852
5858
5865
5878
5890
5897
5908
5911
5923
5929
5944
5951
5956
5961
5963
5966
5978
5985
5996
6002
6014
6022
6031
6036
6047
6057
6067
6072
6089
6094
6107
6111
6121
6126
6137
6151
6157
6164
6168
6176
6189
6193
6204
6209
6223
6229
6240
6244
6253
6266
6278
6284
6295
6299
6307
6317
6332
6335
6347
6353
6365
9300
9303
9304
9306
9310
9317
9325
9334
9346
9354
9367
9377
9380
9388
9402
9411
9416
9424
9436
9446
9455
9460
9469
9479
9487
9498
9507
9509
9522
9530
9536
9544
9550
9560
9572
9577
9590
9597
9603
9615
9620
9631
9640
9656
9660
9667
9681
9692
9697
9706
9714
9725
9731
9741
9748
9762
9771
9778
9784
9798
9802
9814
9824
9833
9841
9848
9857
9870
9881
9885
9894
9901
9918
9931
10133
10137
10144
10184
10216
10221
10230
10241
10249
10260
10273
10281
10289
10298
10307
10315
10332
10338
10348
10354
10366
10374
10387
10393
10405
10416
10421
10528
10435
10451
10458
10468
10473
10485
