5154
5157
5167
5172
5185
5197
5207
5215
5218
5226
5233
5247
5254
5264
5274
5286
5288
5301
5307
5312
5322
5333
5335
5339
5341
5350
5355
5367
5375
5386
5396
5402
5414
5423
5430
5439
5447
5454
5461
5477
5480
5495
5499
5505
5520
5528
5536
5544
5546
5551
5567
5570
5581
5591
5603
5606
5613
5624
5639
5644
5652
5658
5671
5684
5693
5701
5706
5718
5725
5730
5745
5765
5773
5779
5789
5796
5806
5819
5824
5834
5846
5848
5859
5872
5877
5890
5896
5906
5912
5927
5931
5941
5949
5968
5973
5990
5997
6005
6017
6023
6028
6044
6051
6056
6061
6077
6086
6093
6107
6113
6122
6134
6143
6150
6161
6163
6170
6171
6179
6188
6195
6199
6209
6225
6228
6243
6247
6261
6269
6275
6281
6292
6305
6313
6319
6328
6342
6346
6352
6368
9298
9313
9321
9327
9334
9349
9357
9364
9370
9384
9395
9398
9409
9420
9425
9441
9450
9458
9468
9475
9483
9490
9504
9508
9510
9522
9529
9540
9546
9552
9567
9571
9578
9594
9600
9608
9620
9625
9634
9648
9655
9665
9673
9684
9688
9701
9707
9715
9719
9720
9726
9735
9744
9754
9759
9774
9780
9788
9793
9805
9819
9824
9832
9840
9852
9856
9872
9877
9890
9900
9907
9914
9919
9923
9936
10131
10140
10146
10184
10212
10225
10233
10242
10254
10267
10276
10279
10287
10295
10300
10309
10321
10335
10343
10350
10357
10364
10373
10389
10392
10407
10413
10425
10426
10443
10452
