5152
5160
5164
5183
5191
5193
5206
5215
5223
5225
5232
5240
5249
5256
5270
5278
5281
5288
5305
5316
5319
5326
5350
5356
5365
5378
5381
5388
5403
5410
5415
5431
5444
5446
5456
5468
5476
5483
5494
5497
5512
5521
5529
5535
5553
5561
5574
5584
5592
5603
5607
5616
5625
5635
5651
5655
5662
5668
5683
5686
5701
5709
5715
5729
5738
5742
5765
5774
5776
5787
5800
5808
5816
5823
5836
5844
5850
5863
5866
5880
5891
5895
5905
5917
5926
5934
5944
5946
5968
5974
5988
5999
6002
6011
6024
6034
6039
6049
6064
6070
6076
6084
6091
6105
6115
6119
6133
6143
6147
6159
6165
6177
6185
6197
6203
6211
6217
6231
6242
6251
6260
6269
6272
6283
6295
6302
6311
6320
6325
6338
6343
6360
6369
9298
9302
9305
9306
9308
9317
9330
9335
9344
9352
9366
9370
9379
9389
9402
9414
9419
9425
9433
9449
9454
9466
9472
9478
9488
9496
9520
9529
9539
9544
9554
9559
9569
9582
9586
9595
9604
9619
9629
9632
9644
9652
9665
9674
9680
9691
9700
9705
9725
9737
9745
9749
9763
9772
9779
9785
9796
9804
9819
9830
9837
9843
9851
9863
9873
9880
9891
9896
9908
9916
9921
9929
10134
10136
10144
10186
10217
10219
10227
10236
10245
10253
10265
10270
10280
10295
10306
10316
10320
10328
10343
10346
10356
10365
10372
10385
10396
10406
10414
10422
10431
10438
10452
10459
10468
10472
10493
10532
10504
10511
10523
10538
10540
10542
10543
10544
10553
10562
10575
10581
